proj-census: 2653519 models, 59772954 vertices
  kernel        noclip models   clip models    vertices   % verts
  yaw      tex         741034         10386    21228187    35.51
  yaw    notex        1877382         24717    38544767    64.49
  vertices in the 4-wide scalar tail: 996706 (1.67%)
  vertex-count histogram (models):
         4        1563125
         5          37576
         6          54267
         8           5436
        10          28844
        12         207587
        13             20
        14           5446
        15           2215
        16          27472
        17           7887
        18           1050
        19          16641
        20           2384
        21           4812
        22           1972
        24          54737
        25           6938
        26          11124
        28          10561
        29          10985
        30          11749
        31           9338
        32          12448
        34          25832
        35          67755
        36         159674
        37           3871
        38           4568
        39             15
        40          11235
        41           4249
        43            664
        44           4167
        46           1838
        50          25721
        51           1538
        55           1861
        56            525
        57            145
        58           3075
        60             35
        61            500
        64-127      134225
       128-255       88825
       256-511       18587
